# x y theta
0.882485568361 0.0598236258413 5.52919634787e-10
1.19257170075 -0.281455170745 7.89092232629e-10
1.19239353504 -0.281443175825 3.42949396861e-09
1.88145075683 -0.9817356397 -2.15431998786e-07
2.198 -1.30540235769 0.0
1.823632281 -1.30539214813 2.1393122608e-09
1.82346256383 -0.969710303101 1.51526417279e-09
2.19800000154 -1.71661360318 1.88370706893e-09
1.58259072275 -2.1979999921 1.76175484654e-09
1.91046509872 -2.19799161921 -7.98692956716e-09
1.49008314737 -1.85710861533 1.13521742484e-09
1.4899034317 -1.85709813813 3.75907226857e-09
1.48972669229 -2.19800000648 2.37027349884e-09
1.15252607708 -2.19800000668 2.48155763791e-09
1.88284839788 -1.84361469643 1.9439297306e-09
1.56449822744 -2.18038449629 5.10463519442e-10
1.56432523596 -2.19799999942 2.04116847239e-09
1.89655835642 -1.91020513238 3.18045667365e-09
1.89638390863 -2.1886294372 1.02314805777e-09
1.5640499099 -1.57262010569 2.08131801189e-09
2.19800000552 -1.00825161224 5.02540883047e-09
2.19781349137 -1.30576152267 2.46027502169e-09
1.55477608695 -1.94937980657 3.988648992e-10
1.55459361655 -2.19800000302 1.28164034763e-09
1.55441598637 -1.88550495363 2.10235690282e-09
0.898224478747 -1.5649735224 5.18437335031e-10
0.192984130983 -0.920340664073 1.60478744277e-09
-0.464512392343 -1.58315852945 0.0
0.276614267628 -1.90268251744 4.94626933428e-09
0.276432829133 -1.61231801109 2.80835054032e-09
0.600888597081 -0.919985885784 9.61598810576e-10
0.899457243037 -0.919976339803 3.31502312756e-09
0.615607188588 -0.593349689117 9.51001455116e-10
0.264454255772 -0.593342392898 2.81226685004e-09
-0.0539866274597 -0.962669387602 -1.32154761504e-07
-0.71426360097 -0.601312483156 -8.32448307208e-09
-0.0505469717533 -0.253674853689 -1.61344424868e-09
-0.0507236683233 -0.647074543224 -7.54080840174e-08
0.612899985601 -0.962836040424 1.26417573184e-09
0.290936726036 -1.2716127556 -2.66687426445e-07
0.290737833959 -1.27161280285 -2.53436456192e-08
0.96860148772 -1.2716032577 5.43000460102e-10
0.212451108885 -1.61673986128 -2.8127707852e-09
-0.551337798406 -2.19800000245 1.93565154845e-09
0.109662422208 -1.87400633776 -5.66789657863e-09
0.109486932119 -2.19800000442 2.05347329495e-09
0.41109412572 -2.19799295466 3.04911300672e-10
0.0788555053699 -2.19799999955 -3.45066310253e-10
0.430573320015 -2.19799416923 2.72041265301e-09
0.430393407482 -1.55565458571 3.6676228334e-09
0.0804564286035 -2.01051695342 5.05500549294e-09
0.0805002514401 -1.72182726574 -3.34467957706e-11
0.0803153550017 -2.19799999129 7.45516465278e-09
0.427390702005 -2.19799999413 4.62473292291e-10
0.744633702821 -2.19798694064 3.83608026872e-09
1.36445122721 -1.4656316809 1.10471562695e-09
1.73482986237 -2.19799999696 6.94933558077e-10
2.1980000041 -1.64260491022 5.39276333164e-09
1.57126018135 -0.973753415881 -7.66896389806e-09
0.98926406879 -1.27917991395 7.29397534358e-09
0.989095485519 -0.529935575693 6.85972049028e-10
0.655274537734 -1.15171905063 6.73267313018e-10
1.35250123274 -0.775226561702 -7.51200449361e-09
1.04179175405 -0.418598311535 2.14591513515e-09
0.742719771047 0.263307628647 1.11354543773e-09
1.05113430355 -0.435567749988 2.18124443198e-09
1.37215456595 -0.435561837514 8.86618300727e-10
1.74316296847 0.139227087262 -9.59259491458e-08
2.04553219838 0.820801358439 -2.76228404344e-08
2.19800009562 1.51320474788 -8.12978043812e-09
2.19800005648 2.1673005147 -2.64892344685e-08
1.46095325196 1.83615385099 2.98570683123e-09
1.46077811616 2.1754186644 -7.86708109039e-09
1.46061351285 2.19800092181 -3.99766573088e-08
1.46044266856 1.84509521516 2.20132222336e-09
1.06387873129 1.51831311577 -8.91660137809e-09
0.664558271659 1.88288750531 2.00600524905e-09
0.664388638258 1.19701162126 1.94747425641e-09
-0.00511998831153 1.83896253018 7.25647311003e-09
0.321528340009 1.16600767567 -4.99188211521e-08
-0.0426605571047 1.5204239526 6.92250398191e-09
-0.388317899745 2.19800017047 -7.32663208733e-08
-0.711540778376 2.19799999452 3.27388242732e-09
-1.39934230219 1.82633716248 4.34370413714e-09
-1.00396367498 1.8263434854 1.89398874585e-09
-1.00413804849 1.14779260605 2.09453406394e-09
-1.36314905691 0.761044458386 3.41962885208e-09
-1.729125921 0.761050272106 6.86254748045e-10
-2.19799999798 0.761062563002 2.27359554258e-09
-2.19799999756 1.06554853072 3.26331665245e-09
-2.19799999757 1.06555822708 3.31168735515e-09
-1.52500177333 1.06556318889 -3.25402847709e-10
-0.888422798049 1.06557068293 -7.8942514154e-08
-1.46764611971 0.444784820404 1.56722509433e-09
-0.839919993411 1.2634320814 1.9418935771e-09
-0.84010193856 1.61320013585 6.38232699704e-09
-0.488009140435 0.963859856808 2.18612858577e-09
-0.16455510212 1.69552273996 -3.50919010511e-08
0.415924847128 1.42330445792 5.76082343558e-10
