time
002223.332
002226.026
002228.438
002230.888
002233.242
002235.948
002238.372
002240.896
002243.344
002246.380
002249.224
002251.096
002253.752
002256.060
002258.270
002260.384
002262.882
002265.322
002268.110
002270.426
002272.426
002275.146
002277.424
002280.358
002282.840
002285.282
002287.640
002289.656
002291.868
002294.176
002296.570
002298.784
002301.294
002303.552
002306.016
002308.286
002310.646
002313.690
002315.808
002317.942
002320.058
002322.188
002324.008
002326.606
002329.174
002331.512
002333.988
002336.310
002338.852
002341.124
002343.792
002345.862
002348.154
002350.418
002352.726
002355.320
002357.692
002360.130
002362.490
002365.012
002367.426
002369.786
002372.304
002375.430
002377.884
002380.456
002382.646
002384.906
002387.068
002389.696
002392.182
002394.906
002396.996
002400.116
002402.174
002404.186
002407.180
002409.940
002412.764
002415.874
002417.332
002419.484
002422.288
002424.588
002426.812
002429.256
002432.102
002434.692
002437.608
002439.942
